# Convolution input Data (unsigned hex bytes):

00 00 01 00 00 01 00 01 01 00 00 00 01 01 01 00 01 00 01 01 01 00 00 00 01 00 01 01 00 00 00 00
00 01 01 01 00 00 01 01 00 00 01 00 00 01 00 01 01 00 01 01 01 01 00 00 01 01 00 01 01 00 01 01
01 00 01 00 00 00 00 01 01 00 00 01 00 01 01 01 00 01 01 01 00 00 00 00 00 00 00 00 01 01 00 01
00 00 01 01 00 01 00 00 00 01 01 00 00 01 00 00 01 01 01 00 01 00 01 00 01 01 00 01 01 00 01 00
01 00 01 01 01 00 00 00 01 00 00 00 00 01 01 00 00 00 01 01 00 00 01 01 00 00 00 00 01 01 00 01
01 01 01 01 01 01 00 00 00 01 00 01 01 00 01 01 01 00 00 00 01 00 01 00 01 00 01 00 01 00 01 01
01 01 00 01 00 00 01 01 00 00 01 00 00 00 00 00 00 00 01 01 01 00 01 01 01 00 00 00 00 01 00 00
01 01 01 00 00 01 01 00 00 01 01 00 01 00 01 01 01 01 01 00 00 00 00 01 00 00 00 01 00 00 00 01
01 01 00 00 01 00 01 00 00 01 00 00 00 01 01 01 01 01 00 00 00 01 00 01 01 01 01 01 01 01 00 00
01 00 00 01 00 00 01 00 00 00 01 01 00 01 01 00 01 01 01 00 00 01 01 01 01 00 00 01 01 01 01 01
01 01 00 00 00 01 01 01 00 01 00 01 00 01 01 01 00 00 00 00 01 01 01 01 00 01 00 01 01 01 01 01
00 00 01 00 00 00 00 00 00 01 01 00 01 00 00 00 01 01 01 00 01 00 00 00 00 00 01 00 00 01 00 01
01 01 01 01 00 01 01 00 00 00 01 00 01 01 01 01 00 01 01 01 00 00 00 00 01 00 01 01 01 00 01 00
00 00 01 01 00 00 00 01 00 01 01 00 00 01 00 00 01 00 00 01 01 00 00 01 01 00 00 01 00 00 01 00
01 00 01 00 01 00 00 01 00 01 00 00 01 00 00 00 01 00 00 00 00 00 00 01 01 00 00 00 00 00 00 00
00 00 00 00 00 01 00 01 00 01 00 00 01 00 01 01 00 00 00 01 00 00 01 00 00 01 01 01 00 01 00 00
00 00 01 00 01 01 01 00 01 01 01 01 00 01 00 00 00 01 01 00 01 01 00 00 00 00 01 00 01 00 01 01
00 01 00 01 01 01 00 00 01 01 01 00 01 00 01 01 00 00 01 01 00 01 01 01 00 01 01 00 00 01 00 01
00 01 01 01 01 01 01 00 01 01 01 01 01 00 01 00 01 01 00 01 00 01 01 01 01 01 00 00 00 00 00 01
01 01 01 01 01 00 01 00 00 01 00 01 00 00 00 00 01 00 00 00 01 00 01 00 01 01 01 00 00 01 01 01
01 00 01 00 00 00 01 00 01 00 01 00 01 01 00 01 01 01 01 01 01 01 01 00 00 01 00 01 00 00 00 01
01 01 00 00 01 01 01 00 01 01 00 00 01 00 00 01 00 01 00 00 00 01 01 00 00 01 01 00 01 00 01 01
00 01 01 00 01 01 01 01 00 00 00 01 01 01 01 01 00 01 00 00 01 00 01 00 01 01 01 00 01 01 01 01
00 00 01 00 01 00 00 01 01 01 00 01 01 00 00 00 01 01 00 00 01 01 01 01 00 01 01 00 01 01 01 01
01 01 00 01 01 01 00 00 01 00 01 01 01 00 00 00 00 01 00 00 00 01 01 01 01 00 01 00 01 00 00 01
00 00 00 01 00 00 01 01 00 01 01 00 00 00 01 00 00 01 01 01 01 00 01 00 00 01 01 01 01 01 00 01
00 01 01 01 01 01 01 00 00 01 01 00 00 01 01 00 01 00 01 00 00 01 00 00 00 00 00 00 01 00 01 01
01 00 00 01 00 00 00 01 00 01 00 00 00 00 00 01 01 01 00 00 01 00 00 01 01 01 00 00 01 00 01 01
00 01 01 01 00 01 00 01 00 00 00 00 01 00 01 01 00 00 00 00 00 01 00 00 01 01 00 00 01 01 01 00
01 00 00 01 00 01 01 01 00 00 01 01 00 01 00 01 01 00 01 00 00 00 00 01 01 01 00 01 01 01 01 00
00 00 01 01 01 01 01 00 01 01 00 00 00 01 00 01 01 00 00 00 01 01 00 01 00 00 00 01 00 01 01 01
00 00 01 00 01 00 01 01 01 00 00 00 00 01 00 01 01 01 01 00 01 00 01 01 00 00 01 01 01 01 01 01

